 [1]  0.3424321964  0.2496193365  0.0589409743 -0.2956213881 -0.3706571494 -0.4353769248
   [7]  0.1811483198  0.2043682573  0.0460328096  0.1099355458  0.3639277873  0.4563042881
  [13]  0.5777180456 -0.3173113180 -0.2411193491 -0.0359645578 -0.3299595389  0.1548887468
  [19] -0.0739429338 -0.0546086797  0.0977449285  0.0734355455 -0.2889197684 -0.1813722545
  [25] -0.3147867550  0.1892284572 -0.1787360656 -0.3480215617  0.2527840890 -0.3154089395
  [31] -0.1560304689  0.3625395271 -0.2859394806 -0.2215636325  0.1154277476  0.3439636328
  [37] -0.0091440126  0.3047288746 -0.1831102572  0.0111691519  0.2196358108 -0.1577300503
  [43]  0.0222460443 -0.2370161732  0.0043776260  0.2974007737 -0.2459141363 -0.1491679982
  [49]  0.2013377183  0.3353243339 -0.1789653342 -0.0728208439  0.1589821404 -0.1152148535
  [55] -0.2223024503  0.4742889906  0.2081141506 -0.0695453032 -0.2561446785  0.0479579413
  [61] -0.1781219720  0.2801239429 -0.3741859955  0.1626340907 -0.0584486691 -0.4409103106
  [67]  0.3867843118  0.6179993498  0.1077178555  0.1062204625 -0.1124711824  0.3151403427
  [73]  0.0189877865 -0.5252393493 -0.1515885247  0.0777489116 -0.0754146698 -0.3951719455
  [79] -0.0792509806  0.0188313341 -0.3371047440  0.1910670215 -0.3752054388 -0.2286974969
  [85]  0.2424783628  0.2108324815 -0.0246566668 -0.2809528978 -0.0209871728  0.2762374859
  [91] -0.3148681264  0.0415521820 -0.0605005275  0.0529106391 -0.1157115078 -0.5289590717
  [97]  0.0818325108 -0.1727006706 -0.1349295035 -0.0142841239  0.3682944783 -0.3070998979
 [103] -0.1087794421 -0.4472617145  0.1443609881 -0.1229179086 -0.2074364316  0.5228280289
 [109] -0.0381623748  0.1601935984 -0.0438868643 -0.1270699325  0.3306978256 -0.0671752184
 [115]  0.5994037675 -0.3078091219 -0.3838918191 -0.1934957927 -0.2385954058 -0.1697410763
 [121] -0.4021494149 -0.1818489041  0.0222698041 -0.1888432648  0.2115437203 -0.4555546991
 [127] -0.5567574432 -0.1666217919 -0.0180421192  0.3485032081  0.2144458643 -0.1297846036
 [133] -0.0902412557 -0.1822435142 -0.3056724628 -0.0410490427 -0.0050841049 -0.3798004736
 [139]  0.3340733714  0.5248810635  0.4906676442 -0.4698479711 -0.1376239871 -0.0899919709
 [145]  0.4535820904  0.0928774327 -0.0209335528 -0.0299012614 -0.1897894859 -0.1460126335
 [151] -0.2471435913  0.2087614642 -0.3477829273  0.0061230446  0.5686122303 -0.1157173063
 [157]  0.0410358592 -0.2471031612 -0.5422370103  0.2018307015 -0.2361752072  0.0664145649
 [163] -0.0534775233 -0.2220401781 -0.0105408578 -0.2735124842 -0.1711375847  0.1449014851
 [169]  0.2851132405 -0.0202857272 -0.2858329737 -0.4672186790  0.0620151865 -0.4141577518
 [175] -0.1335332499 -0.2100918896 -0.4338659593 -0.4265698091 -0.4081396855  0.0009039932
 [181]  0.3639033627 -0.5410624052 -0.2246451376 -0.3002508231 -0.2319829840  0.0248897833
 [187] -0.3645267710 -0.2232274141 -0.1119432042  0.3499965557  0.1589572005 -0.3061576125
 [193] -0.5662309379 -0.2874577573 -0.2596497174 -0.0550115999  0.0071895798 -0.0212594424
 [199] -0.0959664455 -0.0991475487  0.0053138086 -0.4968795893 -0.4030356118 -0.4098616207
 [205] -0.4357784908 -0.2532506088 -0.1460706215 -0.2208291603 -0.1216447808 -0.0733976041
 [211]  0.1039384279 -0.0682253676 -0.2303892213 -0.2995544561  0.4102940110  0.0431819792
 [217] -0.0534112377 -0.3012568186  0.2438316362 -0.4111367818  0.1300410463  0.2259173070
 [223] -0.0657231956 -0.2180832006 -0.3590605584 -0.4130956744 -0.0651068772 -0.1256345953
 [229]  0.2808286791 -0.2250788004  0.0357708383 -0.5781004213  0.0026424121  0.2923986129
 [235] -0.1921633430  0.0831168852 -0.3797766978 -0.0408840714 -0.2805670609 -0.1810625705
 [241]  0.0503300082 -0.0670851289  0.0210137258 -0.4716460709  0.2190176090 -0.5060283213
 [247] -0.2415921566 -0.6238939873 -0.0764582536 -0.1293703352  0.0412109340 -0.1769383204
 [253] -0.4709810015 -0.2943540872 -0.2082947499 -0.0083332438  0.1737299916 -0.3130089629
 [259] -0.4068650316 -0.0946539153  0.0487122918 -0.0083653354 -0.1126304950  0.1817281439
 [265] -0.2648304044  0.0140321498 -0.0168546189 -0.1655908464  0.1932943869 -0.2080594345
 [271] -0.3613009824  0.2769226209 -0.1709533362  0.1543833223 -0.1527627030  0.1174515935
 [277] -0.4098502338  0.1708620992 -0.3488506515  0.2033520528  0.0620995775 -0.0945751985
 [283] -0.4088616222 -0.0125925535 -0.2539752370 -0.3373735637  0.0829254275 -0.2522910195
 [289] -0.1531438882 -0.2065518480 -0.2174866561 -0.0795637642 -0.0588506603 -0.3420501822
 [295] -0.2335114086 -0.1610721926 -0.3329081207 -0.1992554210 -0.2938144885  0.1468797259
 [301]  0.2760723211  0.0139327787  0.2795981260 -0.3644522376  0.0196164579  0.1935891289
 [307] -0.3442710840 -0.1331835982 -0.4019891846  0.3286993918  0.0963496082 -0.4507832098
 [313] -0.3783623612 -0.3493911409 -0.1878693107 -0.4328222446 -0.0087833998 -0.0560295208
 [319] -0.1229742391 -0.2591343027 -0.1114078847  0.0362772680 -0.5345467727 -0.2291598855
 [325] -0.0714423963 -0.0347761205 -0.3005554477 -0.2072210241 -0.4587888026 -0.2941400031
 [331]  0.0449199497 -0.1653305364 -0.0600299450 -0.1535234626 -0.4662886726 -0.2961267221
 [337] -0.4387715634  0.0111739443  0.0981188060  0.1132491998 -0.2836380108 -0.3700125669
 [343] -0.0301122350 -0.4805222315 -0.4125328914  0.6234724597 -0.3221420643 -0.2402254583
 [349]  0.0413369130  0.4686400522  0.2583440710 -0.1440967637 -0.0155162139 -0.1404449374
 [355]  0.2101961549 -0.0203273695 -0.3640696918 -0.0831737625 -0.1955011489 -0.2450709933
 [361]  0.2302407102 -0.1576527889 -0.1723900383 -0.1359590785 -0.0782898406 -0.2710243022
 [367] -0.0051155432 -0.1903685818 -0.2265952330 -0.3067650571 -0.4136405216 -0.1166772483
 [373] -0.1828010544  0.1047026231  0.3505176990 -0.1827151273 -0.3598316157  0.7064934392
 [379] -0.2770499435  0.0009701444  0.4052348522  0.2340227591  0.3851741829  0.1861637495
 [385] -0.3259145794 -0.0111258081 -0.0592830490  0.0080100983 -0.5728123662  0.3854795470
 [391] -0.3209608515  0.1047196332 -0.2301878992 -0.7562933621 -0.3050492273  0.0315901070
 [397]  0.2159135156 -0.2394647863 -0.4161526555  0.3018331606  0.3260691871 -0.3674292761
 [403]  0.1601183682  0.1851678387 -0.0857374198 -0.0287699219 -0.1994364147  0.0714422120
 [409] -0.1230556100 -0.1452497684 -0.1342441391 -0.0672058725  0.1920944510 -0.2761695189
 [415] -0.0725062348 -0.1623234571 -0.1079279589  0.4422913420  0.5199353867  0.2750372551
 [421] -0.2109016221 -0.4083517671 -0.3537118069 -0.0514798445  0.0122919985 -0.3127836464
 [427]  0.1292995461 -0.1829797781 -0.2368511342  0.1001406064  0.1570625042  0.1611302467
 [433] -0.1770431479  0.0938397538 -0.4119463031  0.6218412964  0.2452736298  0.3257055667
 [439]  0.2044000991 -0.1167762103 -0.2758079002 -0.2172836638  0.0327109490 -0.0585671512
 [445] -0.1771261801 -0.1733000326 -0.2278015801 -0.0875916973 -0.2976060020  0.3247780523
 [451] -0.2923528773 -0.1697643895 -0.4155965072 -0.2096070857 -0.1812168964  0.0376626909
 [457] -0.0674868976 -0.0992936590 -0.0816189704 -0.1010651708 -0.1686479735 -0.4041636617
 [463]  0.0033698290 -0.3823497879 -0.3061270369 -0.0300833952  0.0721899073 -0.2933009497
 [469] -0.0744279224  0.4880080133  0.0525856136 -0.2777009682  0.1281164217  0.0466062160
 [475]  0.4344818087  0.1096823634  0.0895559080 -0.2523752448 -0.3116257924  0.0090478998
 [481]  0.4188060556  0.2717808801  0.3268548917 -0.3271854939 -0.0494044968  0.0217280064
 [487] -0.1264822669  0.0748731325 -0.3929299761 -0.2110284946 -0.0584402494 -0.2683917055
 [493] -0.1622736656 -0.3422460564 -0.0245273034  0.5639253019  0.3423635548  0.5221943349
 [499] -0.0774573692 -0.2496359868 -0.0271664171  0.4539816848 -0.1065380801 -0.4711495637
 [505] -0.2784245183 -0.0800574551  0.0468381294 -0.0079728369  0.4365703189 -0.2594292782
 [511]  0.3100656947  0.0961028644  0.0732153476  0.0209677572 -0.6051365891 -0.1520791271
 [517] -0.1305893320  0.1861096443  0.3341587050 -0.1438417590  0.5728855579 -0.2920722111
 [523] -0.5902795735 -0.0833967998 -0.0961958283  0.2735041789 -0.1235075838  0.4216922034
 [529] -0.1358847798 -0.2004661949  0.2910985253  0.3308215065 -0.2508654964  0.1415325065
 [535]  0.1886098562  0.2261726011 -0.0443151161 -0.4346749603  0.3454882258  0.1781238855
 [541] -0.2327952940 -0.4786504786 -0.2031606333 -0.3655938388 -0.3335192061 -0.5714189910
 [547]  0.4591593098 -0.1136531201 -0.2730098895 -0.1006769744 -0.2531560920  0.0706889624
 [553]  0.2791194173  0.2598028947 -0.0812109378  0.0482220956 -0.2722144198  0.2254635237
 [559] -0.1186948807 -0.2306797279 -0.6331615529  0.1484964844 -0.3124733217  0.1220038962
 [565] -0.1994313693  0.7175324143 -0.2359404111  0.4247203853  0.4726301592 -0.0418487425
 [571] -0.4326831419 -0.0486828760 -0.2826315213 -0.1334818528  0.2793408388  0.1844240150
 [577]  0.0727164795 -0.2423890364 -0.2080494521  0.5160889001  0.1701133652 -0.2716131342
 [583]  0.3378818713  0.1502870683 -0.1819070634 -0.2649185667 -0.2782162578  0.3384558765
 [589]  0.0389444187 -0.3340213435 -0.2802128683  0.0529488750  0.0549794504  0.2775472858
 [595] -0.1214554630 -0.0954882054 -0.1521468614 -0.0131717420 -0.1256180568  0.0433927541
 [601]  0.2194605047  0.2609608626 -0.0182991973  0.1383029123 -0.1496436576  0.4561262065
 [607] -0.2574268910  0.0598216079  0.0558191481 -0.4555975789 -0.3758966713  0.0378545701
 [613]  0.5733147758 -0.1679205761  0.0301330259 -0.1342545844  0.5530437704  0.2474885725
 [619]  0.4641483533 -0.5738729591 -0.4322291850  0.1074488786 -0.1814022508  0.4608018237
 [625]  0.2099918917 -0.0068304345 -0.2471174344  0.5765370697  0.4388002572 -0.0197351222
 [631] -0.2400403594 -0.1966463916  0.2497020995 -0.4987963306  0.0640711146 -0.0682690572
 [637]  0.1630426474  0.1107518005 -0.1786526215 -0.3452567675 -0.0483063909  0.2507455110
 [643] -0.0616291359 -0.1270202131 -0.3179140291 -0.0932908486  0.1492982941 -0.4812068672
 [649]  0.1332389132  0.3935175698 -0.2408429088  0.1622073211  0.3211852528 -0.0185463566
 [655] -0.3503794475  0.0724778666  0.2213117045 -0.0040312289 -0.2445975453 -0.0336733456
 [661] -0.3344082379  0.0373835971 -0.0141280015  0.2268407571 -0.0245391695  0.3082446017
 [667]  0.0624438817 -0.1940822030  0.1703724127 -0.1769775926 -0.3304762280 -0.0629936757
 [673]  0.0847507376 -0.1661882278 -0.4390991861  0.2698863360  0.3018467299 -0.4961831939
 [679]  0.0647599211 -0.1657371037  0.0311092555 -0.0739860923  0.0967298415  0.1309365480
 [685] -0.2042776828 -0.2604969014 -0.3589046498 -0.4714610838 -0.3054928742 -0.0765474237
 [691] -0.1941064342 -0.1255311832 -0.0576699152  0.0712235298 -0.3988724603 -0.3465988438
 [697] -0.1540406726 -0.4289893579  0.2404748539  0.2037024075 -0.5816186408 -0.1062027212
 [703] -0.5347524991 -0.4273449111  0.2292500623  0.0517906838 -0.0264729761 -0.2269925090
 [709]  0.6111169715 -0.0291656699 -0.2767527067 -0.1854307849 -0.5097219398 -0.2399212982
 [715] -0.3917845995 -0.0197487244 -0.7414957590 -0.2148329426  0.4120516545 -0.2646160979
 [721] -0.0353305348 -0.3008815393 -0.1346765021 -0.1798467633 -0.3966883204 -0.4782862797
 [727] -0.0313432303 -0.0468668410  0.1879828325 -0.3940456651 -0.1437819907  0.3098944585
 [733] -0.4702767401 -0.3042891703  0.5560272101 -0.0444268855  0.1587825469 -0.3741762250
 [739]  0.1394482704 -0.0151304030  0.0479005250 -0.3040601408  0.0195923361  0.2768588105
 [745]  0.0665786554 -0.6795243628  0.0310910795 -0.0406333056  0.2269351230  0.4081030363
 [751]  0.1592405351 -0.1124588674 -0.2304539916  0.0767974080  0.2280743710  0.4784300633
 [757]  0.3820017265 -0.5642681484  0.0446134293  0.2872048967  0.2364454141  0.0831479174
 [763] -0.4776208515 -0.4435520607 -0.0779823095  0.6979792544  0.1892947518 -0.0080231721
 [769]  0.1753985473 -0.3259668511 -0.3071409435 -0.1256459731  0.6863354828  0.3609743753
 [775]  0.2117631605  0.0715043539 -0.2714351247  0.0302073700  0.3969353679  0.3609267049
 [781]  0.4278732700  0.4391272406  0.2685005414  0.4245021329 -0.4689486516  0.4263847950
 [787]  0.0783466813 -0.2876568130  0.3864247227 -0.1733606272 -0.1214832004  0.6028457770
 [793] -0.2045029974 -0.0424577057  0.0466021073  0.2176252420 -0.2321126946  0.3335036679
 [799] -0.0593468574 -0.3819277950 -0.3733856585  0.1398089585  0.6394597853 -0.2638368161
 [805]  0.2203948398  0.1808680320 -0.4376067715  0.7485755343  0.2592326647  0.1923636940
 [811] -0.3238938610 -0.0213757493 -0.1960395482  0.0517845663 -0.0371146600  0.2498890721
 [817] -0.0323815545  0.2898748492 -0.0847123293  0.1445015404  0.3342838160  0.3364245868
 [823] -0.0319671697  0.4620024042 -0.2634608858 -0.1073030789  0.3802140971 -0.2520598087
 [829]  0.6953467280  0.5561691322  0.3564466325 -0.3192471608 -0.3705974097  0.0257158366
 [835] -0.3185225898  0.0478565046 -0.0823925964 -0.3674032385 -0.5051990823 -0.1108619374
 [841]  0.4871955989 -0.1728159733 -0.0423989301 -0.0604403104  0.2365362361 -0.4062077133
 [847]  0.0141616180  0.6237609832 -0.6948670990 -0.2831229982  0.1687356992 -0.1053957272
 [853]  0.3337673867  0.3496242111  0.1342000600 -0.2085996161  0.3751410861 -0.2330502980
 [859]  0.2361340633  0.5716953832  0.5209224048 -0.3617686883 -0.0445651218 -0.3126495694
 [865]  0.4578553117 -0.5609723174 -0.2567587197  0.2524923982  0.3959328096 -0.0522308124
 [871] -0.1225072214  0.1121368647  0.3374514066 -0.0307044213 -0.0284598806 -0.1184638912
 [877] -0.2260395300 -0.0770133397 -0.1023851563  0.0414536706 -0.1374037483 -0.0995242418
 [883]  0.1013516951  0.0106522485 -0.2147643678 -0.2249603757 -0.0774228147  0.3372951099
 [889] -0.3770217809 -0.3329448009  0.1060996551 -0.1054500400 -0.2080111818  0.5545277896
 [895]  0.1957418285  0.5751932161  0.1255758968 -0.3054127005  0.4327129504 -0.1349655593
 [901] -0.2662600600  0.2549539352 -0.3178725820  0.6317477650  0.4013771536 -0.2812730190
 [907] -0.0630046370 -0.1511792336 -0.2281228781  0.4333585303 -0.0401052105 -0.2533779010
 [913] -0.0316276720  0.4945319921 -0.0479094237  0.1106082926 -0.1074291375 -0.4016592161
 [919] -0.0744473503 -0.0410797204  0.4191031650 -0.3465839482  0.2409367358 -0.0258794148
 [925]  0.1945029111  0.2643632090  0.1983747540  0.3151910369 -0.0379769789  0.0734086637
 [931]  0.2188973577  0.5302264028  0.1414785377 -0.1442713232  0.1316137551 -0.0292743443
 [937]  0.5875575025  0.4529074758  0.0827352741 -0.1405769909  0.1819442457  0.3864012698
 [943]  0.1100917244 -0.1509427244  0.1338566899  0.0544376211 -0.2016016812  0.5038309019
 [949] -0.1115787375  0.0658192086  0.0713839660 -0.3129681757  0.1604022525 -0.1098037278
 [955]  0.3129852971  0.0876734625  0.0609614402  0.0055741318 -0.0935025063 -0.0872879256
 [961] -0.1016333175 -0.0251131197 -0.4577557237  0.3425062493 -0.3378766085 -0.2454813620
 [967] -0.3320683814  0.5518786490  0.2564230899 -0.1701905137 -0.2633866834  0.1377323167
 [973] -0.1547780507 -0.4150251578 -0.3125282103  0.0688104835 -0.2807472750 -0.0744982333
 [979] -0.0226245563  0.0976117125  0.2369738303 -0.0666171503  0.0267504632 -0.4225041945
 [985] -0.2316580530  0.0682999764  0.2257388140  0.6604249099 -0.0415069895 -0.2475860492
 [991]  0.1109969795  0.4277843812 -0.0074337609  0.1657376314  0.1449713305  0.0677059796
 [997] -0.3491166590  0.2935365810 -0.1051638375  0.0890252674